%YAML:1.0
depthShift: 7.7429523355348877e+00
