%YAML:1.0
rotation: !!opencv-matrix
   rows: 3
   cols: 3
   dt: d
   data: [ 9.8319063642466320e-01, -8.4775800113507747e-03,
       1.8238504073529985e-01, 2.2051774140734149e-03,
       9.9939997262716229e-01, 3.4566340642301539e-02,
       -1.8256864363695727e-01, -3.3583111082481805e-02,
       9.8261938969805773e-01 ]
translation: !!opencv-matrix
   rows: 3
   cols: 1
   dt: d
   data: [ -3.0394067537111008e-01, -1.2040661634899448e-01,
       -1.4893479901600079e-01 ]
essential: !!opencv-matrix
   rows: 3
   cols: 3
   dt: d
   data: [ 2.2310900286711056e-02, 1.5288906283173717e-01,
       -1.1316574487617734e-01, -2.0192133667892545e-01,
       -8.9446667883399389e-03, 2.7149452155213866e-01,
       1.1771241464536154e-01, -3.0477905937016325e-01,
       1.1454248707681998e-02 ]
fundamental: !!opencv-matrix
   rows: 3
   cols: 3
   dt: d
   data: [ 1.0489321103931980e-06, 6.4844194830299695e-06,
       -4.4476236510159013e-03, -9.2384592023571088e-06,
       -3.6918657291148902e-07, 9.2081834024585075e-03,
       1.2152615536264929e-02, -2.4345625273621413e-02,
       9.9999999999999989e-01 ]
