%YAML:1.0
cameraMatrix: !!opencv-matrix
   rows: 3
   cols: 3
   dt: d
   data: [ 1.1221116219675200e+03, 0., 9.5883272684501287e+02, 0.,
       1.1168992850378249e+03, 6.2377434544120422e+02, 0., 0., 1. ]
distortionCoefficients: !!opencv-matrix
   rows: 1
   cols: 5
   dt: d
   data: [ 1.2569847175315510e-01, -1.5171767004990727e-01,
       2.7646985466049049e-02, -3.1899855046784186e-03,
       8.1239646448422242e-02 ]
rotation: !!opencv-matrix
   rows: 3
   cols: 3
   dt: d
   data: [ 1., 0., 0., 0., 1., 0., 0., 0., 1. ]
projection: !!opencv-matrix
   rows: 4
   cols: 4
   dt: d
   data: [ 1.1221116219675200e+03, 0., 9.5883272684501287e+02, 0., 0.,
       1.1168992850378249e+03, 6.2377434544120422e+02, 0., 0., 0., 1.,
       0., 0., 0., 0., 1. ]
