%YAML:1.0
cameraMatrix: !!opencv-matrix
   rows: 3
   cols: 3
   dt: d
   data: [ 1.0745114328519276e+03, 0., 9.6126947358587552e+02, 0.,
       1.0751620900858757e+03, 5.3510755653690103e+02, 0., 0., 1. ]
distortionCoefficients: !!opencv-matrix
   rows: 1
   cols: 5
   dt: d
   data: [ 8.1292401764990335e-02, -1.3781416770084756e-01,
       5.1022290833565502e-04, -1.3045555679010036e-03,
       5.8478806523949919e-02 ]
rotation: !!opencv-matrix
   rows: 3
   cols: 3
   dt: d
   data: [ 1., 0., 0., 0., 1., 0., 0., 0., 1. ]
projection: !!opencv-matrix
   rows: 4
   cols: 4
   dt: d
   data: [ 1.0745114328519276e+03, 0., 9.6126947358587552e+02, 0., 0.,
       1.0751620900858757e+03, 5.3510755653690103e+02, 0., 0., 0., 1.,
       0., 0., 0., 0., 1. ]
