%YAML:1.0
cameraMatrix: !!opencv-matrix
   rows: 3
   cols: 3
   dt: d
   data: [ 5.4540993415923663e+02, 0., 2.5551393255491908e+02, 0.,
       6.0458677881759945e+02, 1.9705715813169874e+02, 0., 0., 1. ]
distortionCoefficients: !!opencv-matrix
   rows: 1
   cols: 5
   dt: d
   data: [ 3.6803374987128418e-01, -2.8754052763826503e+00,
       7.0594222974143611e-02, 9.2911931196524938e-02,
       5.6162774494927383e+00 ]
rotation: !!opencv-matrix
   rows: 3
   cols: 3
   dt: d
   data: [ 1., 0., 0., 0., 1., 0., 0., 0., 1. ]
projection: !!opencv-matrix
   rows: 4
   cols: 4
   dt: d
   data: [ 5.4540993415923663e+02, 0., 2.5551393255491908e+02, 0., 0.,
       6.0458677881759945e+02, 1.9705715813169874e+02, 0., 0., 0., 1.,
       0., 0., 0., 0., 1. ]
