%YAML:1.0
rotation: !!opencv-matrix
   rows: 3
   cols: 3
   dt: d
   data: [ 9.9997559212258180e-01, -3.9431190982166528e-03,
       -5.7677526705885674e-03, 3.9423759624296765e-03,
       9.9999221897661150e-01, -1.4020700270300882e-04,
       5.7682606444802000e-03, 1.1746493106189480e-04,
       9.9998335654706139e-01 ]
translation: !!opencv-matrix
   rows: 3
   cols: 1
   dt: d
   data: [ -5.2351134857006355e-02, 4.1293204686507073e-03,
       -1.0588067626005329e-02 ]
essential: !!opencv-matrix
   rows: 3
   cols: 3
   dt: d
   data: [ 6.5561140045107677e-05, 1.0588470290347674e-02,
       4.1277672212735603e-03, -1.0285834202859072e-02,
       4.7899434116301280e-05, 5.2411332908683342e-02,
       -4.3356075363690646e-03, -5.2334445109199025e-02,
       3.1156894867178023e-05 ]
fundamental: !!opencv-matrix
   rows: 3
   cols: 3
   dt: d
   data: [ 3.5543964211384919e-08, 5.7905792520735536e-06,
       -3.7849265670562035e-04, -5.5730890634879027e-06,
       2.6179193798412039e-08, 1.1871425997829322e-02,
       4.2234285571239561e-04, -3.6333313193778680e-02, 1. ]
