%YAML:1.0
cameraMatrix: !!opencv-matrix
   rows: 3
   cols: 3
   dt: d
   data: [ 3.7332127822087966e+02, 0., 2.4406501033860729e+02, 0.,
       3.6965870222633657e+02, 2.1061127296166163e+02, 0., 0., 1. ]
distortionCoefficients: !!opencv-matrix
   rows: 1
   cols: 5
   dt: d
   data: [ 1.2401768790295649e-01, -3.3053272891585106e-01,
       5.2912586848976231e-03, -7.2983504371339682e-03,
       1.7586118236822723e-01 ]
rotation: !!opencv-matrix
   rows: 3
   cols: 3
   dt: d
   data: [ 1., 0., 0., 0., 1., 0., 0., 0., 1. ]
projection: !!opencv-matrix
   rows: 4
   cols: 4
   dt: d
   data: [ 3.7332127822087966e+02, 0., 2.4406501033860729e+02, 0., 0.,
       3.6965870222633657e+02, 2.1061127296166163e+02, 0., 0., 0., 1.,
       0., 0., 0., 0., 1. ]
