%YAML:1.0
cameraMatrix: !!opencv-matrix
   rows: 3
   cols: 3
   dt: d
   data: [ 1.4391576528081639e+03, 0., 9.1730915554047613e+02, 0.,
       1.4788404593665537e+03, 5.5748109958430700e+02, 0., 0., 1. ]
distortionCoefficients: !!opencv-matrix
   rows: 1
   cols: 5
   dt: d
   data: [ 3.5598717045138073e-01, -8.0768582076952200e-01,
       1.9643527111206302e-02, -1.8729576322510395e-02,
       8.8789588974574218e-01 ]
rotation: !!opencv-matrix
   rows: 3
   cols: 3
   dt: d
   data: [ 1., 0., 0., 0., 1., 0., 0., 0., 1. ]
projection: !!opencv-matrix
   rows: 4
   cols: 4
   dt: d
   data: [ 1.4391576528081639e+03, 0., 9.1730915554047613e+02, 0., 0.,
       1.4788404593665537e+03, 5.5748109958430700e+02, 0., 0., 0., 1.,
       0., 0., 0., 0., 1. ]
