%YAML:1.0
depthShift: -2.8940788234143504e+00
