%YAML:1.0
cameraMatrix: !!opencv-matrix
   rows: 3
   cols: 3
   dt: d
   data: [ 2.9534281912197815e+02, 0., 2.6087464711028861e+02, 0.,
       2.9212740590810307e+02, 2.1299164598425713e+02, 0., 0., 1. ]
distortionCoefficients: !!opencv-matrix
   rows: 1
   cols: 5
   dt: d
   data: [ -4.4829198046205110e-02, -7.1040294155371345e-02,
       4.4913933225737357e-03, 1.6544575635082839e-03,
       2.5620038668824691e-02 ]
rotation: !!opencv-matrix
   rows: 3
   cols: 3
   dt: d
   data: [ 1., 0., 0., 0., 1., 0., 0., 0., 1. ]
projection: !!opencv-matrix
   rows: 4
   cols: 4
   dt: d
   data: [ 2.9534281912197815e+02, 0., 2.6087464711028861e+02, 0., 0.,
       2.9212740590810307e+02, 2.1299164598425713e+02, 0., 0., 0., 1.,
       0., 0., 0., 0., 1. ]
