%YAML:1.0
cameraMatrix: !!opencv-matrix
   rows: 3
   cols: 3
   dt: d
   data: [ 9.9543800529459145e+02, 0., 9.6441949925115694e+02, 0.,
       9.8834563884821773e+02, 5.4095524566206677e+02, 0., 0., 1. ]
distortionCoefficients: !!opencv-matrix
   rows: 1
   cols: 5
   dt: d
   data: [ 5.3654070664775136e-02, -1.5218366027355329e-01,
       1.7126878485424055e-03, -1.9959731080090438e-03,
       6.1930291012449942e-02 ]
rotation: !!opencv-matrix
   rows: 3
   cols: 3
   dt: d
   data: [ 1., 0., 0., 0., 1., 0., 0., 0., 1. ]
projection: !!opencv-matrix
   rows: 4
   cols: 4
   dt: d
   data: [ 9.9543800529459145e+02, 0., 9.6441949925115694e+02, 0., 0.,
       9.8834563884821773e+02, 5.4095524566206677e+02, 0., 0., 0., 1.,
       0., 0., 0., 0., 1. ]
