%YAML:1.0
rotation: !!opencv-matrix
   rows: 3
   cols: 3
   dt: d
   data: [ 9.9950415394850223e-01, -5.1357962903012576e-03,
       3.1065573166340465e-02, 3.9391187410143724e-03,
       9.9925236512504434e-01, 3.8460292972744566e-02,
       -3.1239871690404142e-02, -3.8318851606874697e-02,
       9.9877712029676435e-01 ]
translation: !!opencv-matrix
   rows: 3
   cols: 1
   dt: d
   data: [ -5.1073846740947705e-02, -1.6217417976957062e-02,
       1.6487419368459988e-01 ]
essential: !!opencv-matrix
   rows: 3
   cols: 3
   dt: d
   data: [ -1.4282896950284867e-04, -1.6412949515451541e-01,
       -2.2538695818428899e-02, 1.6319690104774492e-01,
       -2.8038514265504152e-03, 5.6133300897552363e-02,
       1.6008190687414738e-02, -5.1118951507010353e-02,
       -1.4605117241696191e-03 ]
fundamental: !!opencv-matrix
   rows: 3
   cols: 3
   dt: d
   data: [ 1.9053377105926516e-08, 2.2135860427765801e-05,
       -3.8317281991215556e-03, -2.1926682881583444e-05,
       3.8086418816123498e-07, 3.4115444542428025e-03,
       9.7172289732366211e-03, -1.4691413426186146e-02, 1. ]
