%YAML:1.0
cameraMatrix: !!opencv-matrix
   rows: 3
   cols: 3
   dt: d
   data: [ 3.6970993045496465e+02, 0., 2.4725290503512673e+02, 0.,
       3.6651495033390478e+02, 2.0672655793609479e+02, 0., 0., 1. ]
distortionCoefficients: !!opencv-matrix
   rows: 1
   cols: 5
   dt: d
   data: [ 3.9591006713385564e-02, 4.7366948043646706e-01,
       -2.9942060069929970e-03, -3.8734670074031209e-03,
       -2.6591495670503251e+00 ]
rotation: !!opencv-matrix
   rows: 3
   cols: 3
   dt: d
   data: [ 1., 0., 0., 0., 1., 0., 0., 0., 1. ]
projection: !!opencv-matrix
   rows: 4
   cols: 4
   dt: d
   data: [ 3.6970993045496465e+02, 0., 2.4725290503512673e+02, 0., 0.,
       3.6651495033390478e+02, 2.0672655793609479e+02, 0., 0., 0., 1.,
       0., 0., 0., 0., 1. ]
