%YAML:1.0
rotation: !!opencv-matrix
   rows: 3
   cols: 3
   dt: d
   data: [ 9.9993967717408028e-01, -7.2837372384624757e-03,
       -8.2212641872792952e-03, 6.6983969902273868e-03,
       9.9758660604916660e-01, -6.9109296835274128e-02,
       8.7047969969045666e-03, 6.9050058675903761e-02,
       9.9757521816958583e-01 ]
translation: !!opencv-matrix
   rows: 3
   cols: 1
   dt: d
   data: [ -5.4668825547895310e-02, -1.1537517513019238e-03,
       1.7599145216440716e-02 ]
essential: !!opencv-matrix
   rows: 3
   cols: 3
   dt: d
   data: [ -1.2792923612828756e-04, -1.7636338171960343e-02,
       6.5310395791537846e-05, 1.8073964614721109e-02,
       3.6466980624468197e-03, 5.4391578350722038e-02,
       7.8748865722658742e-04, -5.4545291759613757e-02,
       3.7686387944713255e-03 ]
fundamental: !!opencv-matrix
   rows: 3
   cols: 3
   dt: d
   data: [ -1.0180014131697259e-07, -1.4173228914438157e-05,
       3.0292895081408143e-03, 1.4449540925842504e-05,
       2.9443012116327363e-06, 1.2086876597758211e-02,
       -8.2124758797175700e-03, -3.7434206466404003e-02, 1. ]
